21,02
19,78
21,52
20,58
31,18
31,02
21,86
17,92
21,6
19,28
18,56
26,32
19,24
24,3
15,52
28
18,44
23,72
23,66
25,7
18,7
20,96
30,58
21,18
24,76
16,38
29,46
32,1
26,36
21,14
18,4
24,42
24,24
26,74
28,62
29
26
46
24,46
23,44
29,42
32,52
15,24
28,16
27,4
18,5
30,28
33,6
23,56
23,14
26,86
33,62
12,36
23,52
13,12
16,48
19,12
19,42
10,24
22,94
9,08
18,54
21,82
30,92
24,18
18,02
8,52
32,18
23,46
31,32
11,3
21,82
15,36
27,98
24,24
15,88
11,12
9,22
21,46
10,04
52,62
22,6
22,02
21,7
27,9
21,06
18,38
18,74
13,92
25,74
30,3
28,02
33,56
27,22
23,96
17,16
26,08
21,84
22,58
26,02
30,6
28,36
39,02
21,58
24,28
28,62
33,6
38,9
27,5
22,9
22,16
32,46
26,16
24,76
44,22
23,32
21,8
35,06
16,36
23,7
20,54
34,64
27,44
21,12
27,52
25,6
24,82
27,16
31,08
17,94
18,28
30,62
19,4
23,5
22,14
21,68
29,6
27,5
24,78
27,26
33,64
33,82
17,6
10,22
36,32
30,8
29,26
16,4
33,68
25,78
24,22
31,6
25,5
21,44
28,1
21,02
30,46
27,92
17,5
30,74
34
26,46
18,36
16,34
30,6
25,48
26,86
24,14
30,36
18,34
21,68
36,66
30,7
31,96
29,22
21,4
19,38
23,74
11,04
13,5
25,22
20,34
27,62
27,5
18,62
27,28
22,42
39,1
21,18
27,4
39,8
21,68
18,1
36,72
9,56
21,02
24,5
28,54
23,46
31,62
40,82
16,6
27,26
23,46
17,38
29,5
27,62
21,6
24,32
20,32
16,3
22,5
29,7
24,74
39,38
29,54
33,68
22,5
16,14
15,32
21,64
30,56
17,28
27,82
26,44
24,98
18,82
24,36
22,4
23,46
18,46
35,74
25,36
33,68
36,94
24,58
33,44
30,54
33,94
10,64
19,88
27,3
32,6
10
26,68
25,38
30,84
21,7
26,18
31,66
23,5
25,48
35,72
19,34
24,56
21,3
27,4
32,54
41,54
23,98
36,76
39,74
15,06
31,18
18,5
18,84
41,78
30,84
32,44
25,58
18,34
24,48
11,4
17,16
23,02
21,96
8,84
15,78
23,28
33,6
25,52
8,82
36,64
8,82
30,96
9,14
28,06
27,58
13,02
15,5
21,36
50,94
18,64
24,32
23,34
22,54
27,54
13,18
44,98
34
30,26
33,62
24,56
18,4
25,66
19,54
21,58
28,2
36,9
24,06
27,62
32,48
25,7
24,48
25,68
38,78
15,24
18,24
23,38
25,86
17,98
20,3
16,44
27,52
24,44
27,56
45,14
15,76
18,56
21,34
17,52
27,76
19,5
27,18
42,14
34,38
24,52
16,24
29,82
33,42
26,96
17,86
24,68
31,44
33,76
23,52
19,28
36,08
19,32
18,4
22,08
19,46
22,38
24,82
24,16
26,62
15,36
19,54
18,04
11,94
18,2
15,28
24,44
32,08
22,72
34,46
30,4
30,8
27,56
24,4
24,56
26,92
16,02
18,12
21,76
28,34
23,16
20,66
22,48
39,7
18,46
21,66
22,88
34
26,16
36,22
33,44
27,84
30,32
33,6
24,68
24,34
14,52
15,02
16,5
11,94
26,7
38,56
23,66
27,56
23,44
25,42
31,06
24,3
25,24
23,5
24,62
15,2
12,2
26,74
27,14
31,76
24,52
30,62
52,18
23,22
21,5
37,76
20,34
17,34
26,6
42,76
11,72
16,24
18,26
36,38
30,62
24,48
27,6
21,5
24,32
24,88
21,46
56,64
25,6
24,44
32,68
22,2
15,22
18,72
30,6
19,32
29,56
17,34
28,56
18,3
12,1
30,48
31,3
27,14
24,44
24,54
38,04
22,12
19,14
31,1
33,42
18,52
21,32
39,98
11,4
30,18
40,34
23,28
29,18
24,5
30,64
21,56
21,62
33,3
39,78
18,3
27,6
25,9
17,26
28,64
20,3
21,52
17,96
14,24
28,54
23,46
27,96
22,6
30,04
24,54
9,18
24,64
24,32
24,4
15,32
24,54
18,74
36,3
29,6
16,3
32,66
28,54
15,62
27,62
20,04
33,58
19,44
9,54
24,36
24,2
24,54
33,66
26,48
34,64
29,6
22,42
22,46
20,98
21,18
16
17,54
30,42
24,74
21,16
11,2
50,44
12,5
20,66
24,56
24,48
21,4
12,28
22,16
26,38
27,86
17,42
25,42
27,56
21,4
20,4
24,42
25,8
20,46
25,44
26,36
31,62
27,74
32,44
20,4
20,38
23,42
19,42
27,5
33,72
27,02
18,98
23,6
30,24
19,66
21,24
39,72
30,6
18,38
15,3
30,62
30,54
20,2
24,96
34,46
24,48
33,66
24,4
42,88
23,76
34,78
24,14
24,5
29,54
32,12
24,02
24,78
30,22
49
21,42
18,34
33,68
21,46
24,42
24,46
27,54
31,06
32,52
31,66
22,14
26,5
21,56
20,18
19,1
34,38
27,16
21,5
20,02
27,9
22,36
24,54
21,94
17,24
28,12
32,56
22,74
26,46
26,38
26,62
27,4
22,42
45,26
24,56
30,06
24,6
36,7
27,46
27,58
32,62
30,6
22,88
17,96
15,28
24,86
32,34
34,94
36,42
25,46
23,46
21,42
27,54
27,56
20,36
38,02
14,46
25,46
9,92
26,42
27,92
24,1
24,76
21,38
20,18
39,62
15,84
25,22
33,76
21,7
33,12
14,36
40,7
32,78
24,42
19,46
18,72
24,04
24,54
24,56
21,56
27,52
22,16
31,02
29,34
30,46
14,2
28,56
31,68
14,44
18,2
21,42
24,8
18,5
21,1
19,7
41,74
17,98
27,98
17,88
25,64
30,02
14,78
24,8
23,16
22,42
22,4
14,32
23,7
15,98
15,6
24,6
30,22
27,24
23,5
22,7
24,68
30,42
15,7
28,5
31,74
27,98
26,68
25,66
26,92
30,98
30,78
36,6
20,9
16,8
24,18
26,88
27,7
30,44
18,32
21,42
19,42
29,58
27,5
33,64
24,56
38,04
19,78
33,1
31,44
17,7
28,28
20,32
22,12
21,76
30,6
23,54
42,16
29,12
24,82
26,22
28,58
28,56
32,6
27,5
24,5
35,74
25,76
29,36
16,26
24,48
24,6
18,18
27,62
15,22
18,14
21,16
23,96
30,62
34,74
26,46
22,6
30,44
28,56
38,7
15,36
42,92
18,28
21,54
27,48
22,18
30,2
8,26
6
6
19,12
5,62
24,34
12,64
18,32
19,34
29,9
8,84
20,14
20,82
37,84
18,58
19,3
30,48
23,44
19,42
39,9
27,78
21,14
9,12
36,18
22,38
20,8
15,84
24,18
36,46
49,2
49,42
56,72
25,72
24,24
13,94
15,58
27,28
19,62
41,76
25,06
30,16
25,42
11,82
19,54
20,68
26,56
9,82
20,8
21,52
17,32
45
11,22
26,26
30,06
24,48
29,18
25,58
24,3
30,68
11,86
28,04
30,08
24,8
21,3
43,34
36,36
25,8
26,3
27,5
18,26
33,96
24,32
9,4
21,08
30,66
21,62
36,52
17,96
19,82
13,84
25,42
17,78
21,42
21,54
30,62
13,86
19,66
36,76
30,62
26,88
16,66
29,88
20,92
12,6
23
38,3
21,88
17,42
26,16
32,54
42,72
36,46
25,12
24,3
21,28
31,52
23,68
17,72
19,18
23,86
16,22
21,88
23,58
29,22
20
24,1
23,58
22,32
33,36
15,66
23,36
21,84
15,88
27,7
26,62
28,32
18,46
18,26
24,66
39,68
33,9
33,46
26,66
19,24
25,06
35,2
25,34
18,18
8,78
31,34
33,5
30,74
18,54
11,3
12,56
6,78
24,44
13,1
26,34
10,06
20,7
18,22
15,4
27,44
31,04
33,5
19,04
50,46
17,6
41,16
36,7
17,38
16,74
27,12
18,32
14,96
28,16
38,86
31,58
14,08
33,98
31,2
23,4
15,28
22,68
30,38
20,82
22,18
15,42
23,4
31,66
27,06
30,44
31,16
24,32
21,82
42,56
52,12
36,5
39,56
31,6
23,74
36,8
21,24
33,66
17,42
15,78
33,92
25,58
45,08
24,44
24,44
34,04
28,18
23,68
33,5
18,52
33,5
21,4
33,28
28,42
46,62
26,28
8,72
16,04
36,52
33,9
25,26
16,86
35,5
20,04
30,56
21,54
15,4
46,08
11,4
31,5
13,88
19,44
27,3
30,72
12,72
42,6
20,56
31,2
