4,04
2,54
4,39
3,24
5,72
3,23
5,79
9,36
6,89
10,38
6,01
8,72
16,56
3,44
3,41
1,42
8,65
1,17
4,28
0,66
5,31
3,33
9,81
1,41
0,72
1,04
0,1
1,8
0,09
5,44
4,08
8,76
10,39
4,36
0,87
6,67
0
0
0
0
0
0
0
0
0
0
0
0
0
-0,01
0
0
0
0
0,1
0
0
0
0
0
0,26
0
0
0
0
0
0
0
0
0
0
0
0
0
0
0
0
0
0
0
0
0
0,01
0
0
0
0
0
0
0
0
0
0
0
0
0
0
0
0
0
0
0
0
0
0
0
0
0
0
0
0
0
0
0,06
0,28
0,39
0
0
0
0
0
0
0
0
0
0
0
0
0
0
0
0
0
0
0
0
0
0
0
0
0
0
0
0
0
0
0
0
0
0
0
0
0
0
0
0
0
0
0
0
0
0
0
0
0
0
0
0
0
0
0
0
0
0,13
2,08
1,36
0
0
0
0
0
0
0
0
0
0
0
0
0
0
0
0
0
0
0
0
0
0
0
0
0
0
0
0
0
0
0
0
0
0
0
0
0
0
0
0
0
0
0
0
0
0
0
0
0
0
0
0
0
0
0
0
0
0
0
0
0
3,35
1,3
0,01
0
0
0
0
0
0
0
0
0,01
0
0
0
0
0
0
0
0
0
0
0
0
0
0
0
0
0
0
0
0
0
0
0
0
0
0
0
0
0,05
0,05
0,01
0,1
0
0
0
0
0
0
0
0
0
0
0
0
0
0
0
0
0
0
0
0
0
0
0
0
0
0
0
0
0
0
0
0
0
0
0
0
0
0
0
0
0
0
0
0
0
0
0
0
0
0
0
0
0
0
0
0
0
0
0
0
0
0
0
0
0
0
0
0
0
0
0
0
0
0
0
0
0
0
0
0
0
0
0
0
0
0
0
0
0
0
0
0
0
0
0
0
0
0
0
0
0
0
0
0
0
0
0
0
0
0
0
0
0
0
0,12
0,21
1,09
4,14
0
0
0
0
0
0
0
0
0
0
0
0
0
0
0
0
0
0
0
0
0
0
0
0
0
0
0
0
0
0
0
0
0
0
0
0
0,01
0
1,23
0,65
0
0,24
0,04
0
0
0
0
0
0
0
0
0
0
0
0
0
0
0
0
0
0
0
0
0
0
0
0
0
0
0
0
0
0
0
0
0
0
0
0
0
0
0
0
0
0
0
0
0
0
0
0
0
0
0
0
0
1,17
12,7
0,62
0
1,14
0
0
0
1,04
0,02
0,08
0,17
1,73
0
0
0,01
0
0
0
0
0
0
0
0
0
0
0
0
0
0
0
0
0
0
0
0
0
0
0
0
0
0
0
0
0
0
0
0
0
0
0
0
9,36
2,36
67,54
3,99
81,66
3,77
0
2,24
0,32
1,28
1,11
63,22
1,59
0,07
1,95
2,07
1,11
0,04
2,65
1,54
0,78
3,14
1,61
0
0,72
2,4
0,61
0,68
1,86
0,01
3,05
-0,01
0
0
0
0
0
0
0
0
0
0
0
1,37
0
9,47
1,75
7,13
3,03
1,36
5,26
0,09
18,02
4,52
36,3
4,22
6,27
1,9
1,22
0
0,29
0,21
5,77
2,07
3,03
0
0
0
0
0
0
0
0
0
0
0
0
0
0
0
0
0
0
0
0
0
0
0
0
0
0
0
0
0
0
0
0
0
0
0
0
0
0
0
0
0
0
0
0
0
0
0
0
0
0
0
0
-0,01
0
0
0
0
0
0
0
0
-0,01
0
0
0
0
0
0
0
0
0
0
0
0
0
0
0
0
0
0
0
0
0
0
0
0
0
0
0
0
0
0
0
0
0
0
0
0
0
0
-0,01
0
0
0
0
0
0
-0,01
0
0
0
0
0
0
0
0
0
0
0
0
0
0
0
0
0
0
0
0
0
0
0
0
0
0
0
0
0
0
0
0,03
0,08
32,85
0,13
0
0
0
0
0
0,01
0
0
0
0
0
0
0
0
0
0
0
0
0
0
0
0
0,1
0,17
1,47
4,26
2,24
0
0
0
0
0
0
0
0
0
0
0
0
0
0
0
0
0
0
0
0
0
0
0
0
0
0
0
0
0
0
0
-0,01
0
0
3,11
0
0
0
-0,01
0
0
0,01
0
0
0,05
0,16
0,04
0,03
0
0
0
0
0
0
0,13
0,02
0,01
2,23
0,1
73,18
5,1
0,09
0
1,32
0,15
1,94
0,15
1,05
0,52
26,69
0,93
0,62
3,2
16,57
1,3
3,91
0,01
0,62
0,62
2,14
0,65
0
0
0
0
0
0
0
0
0
0
0
0
0
0
0
0
0
0
0
0
0
0
0
0
0
0
0
0
0
0
0
0
0
0
0
0
0
0
0
0
0
0
0
0
0
-0,01
0
0
0
0
2,26
0,06
0,05
0
0
0
0
0
0
0
0
0
0
0
0
0
1,49
1,34
0,75
0
0
0
0
0
0
0
0
0
0
0
0
0
0,31
62,26
2,23
1,06
0,09
0
0
0
0
0
0
0
0
0
0
0
0
0
0
0
0
0
0
0
0
2,01
1,25
33,42
1,34
-0,01
0
0
0
0
0
0
0
0
0
0
0
0
0
0
0
0,46
0,18
0,09
5,03
0,62
0,35
88,8
3,95
3,61
0
0
0
0
0,17
4,08
0
0
0
0
0
0
0
0
0
0
0
0
0
0
0
0
0
0
0
0
0
0
4,54
0
0
0
0
0,33
0
0
0
0
0
0
0
0
0
0
0
0
0
0
0
0
0
0
0
0
0
0
0
0
0
0
0
0
0
0
0
0
0
0
0
0
0
0
0
0
0
0
0
0
0
0
0
0
0
0
0
0
0
0
0
0
-0,01
0
0
0
0
0
0
0
0
0
0
0
0,01
0
0
0
0
0,77
0,29
0,6
0
0
0
0
0
0
0
0
0
0
0
0
0
0
0
0
0
0
0
0
0
0
0
0
0
0
0
0
0
0
0
0
0
0
0
0
1,39
2,43
0,32
0
0
0
0
0
0
0
0
1,16
0
5,02
1,88
0
0
0
0
0
0
0
0
0
0
0
0
0
0
0
0
0
0
0
0
0
0
0
0
0
0
0
0
0
0
0
0
0
0,19
0
0
0
0
0
0
-0,01
0
0
0
0
0
0
0
0
0
0
0
0
0
0
0
0
2,88
0
38,2
0,05
4,29
0
18,46
0,07
40,63
3,06
0,02
0,12
0,01
0,16
14,67
0,12
0
0
0
0
0
0
0
0
0
0
0
0
0
0
0
0
2,27
0
0,11
5,1
2,07
4,45
-0,01
0
0
0
0
0
-0,01
0
0
0,11
1,83
1,44
0,42
0,01
0,58
0
0,88
0,34
2,58
1,6
2,54
0,01
0,03
1,71
0,68
12,04
2,54
5,17
2,04
0,34
1,66
1,17
1,04
0
0
0
0,11
0,01
2,29
0,67
11,12
1,49
3,12
1,26
2,2
1,74
6,32
5,1
0,04
0,27
2,88
5,5
6,02
0
0
0
0,36
4,8
4,37
0,01
0,78
2,76
1,51
0,07
0,4
1,35
1,42
2,66
0,89
0
0
0,37
0,07
0
0
0
0
0
0
0
0
0
0
0
1,65
0,8
0,01
0
0
0
0
0
0
0
0
0
0
0,58
3,09
3,93
0,55
0
1,26
7,68
14,32
41,59
1,39
0,35
0,48
2,71
5,52
0
1,32
10,86
0,57
5,08
0
1,42
0,49
0,04
0,11
1,94
0,02
9,49
1,31
2,62
0,58
70,06
3,26
0
0
0
0
0
0
0
0
0
0
-0,01
0
0
0
0
0
0
4,76
1,9
2,15
102,32
2,08
2,28
3,9
3,15
3,16
0,26
83,62
11,9
0
2,58
50,25
6,62
2,25
6,37
45,58
1,08
0,06
6,4
1,6
0,17
0,5
4,96
0,04
0,62
0
0
0,17
2,39
0
0
0
0
20,95
1,92
0,01
0,35
14,51
1,05
0
0
0
0
0
0
0
1,99
0,84
0
0,43
3,58
0,33
0
0
0
0
0
0
0
0
0
0
0,23
7,84
2,1
0
0,17
0,05
4,24
5,4
0,02
1,74
0
0
0,21
83,77
0,09
0,44
0
0,58
48,66
0,23
0,72
0
16,16
0
1,61
4,53
7,14
0
0
0
0
0
0
0
0
0
0
0
0
0
0,01
0
0
0
0
0
0
0
0
0
0
0
0
0
0
0
0
0
0
0
0
0
0
0
0
0
0
0
0
0
0,01
0
0
0
0
0
0
0
0
0
0
0
0,01
0
0
0
0,15
0,17
0,14
0
0
0
0
0
